
ContabilizaçãoCota;Aviso;Cod.;Vencimento;Pagamento;Lote;Fdo;Com.;Fdo;Res.;Tx.;Adm.;SegurosMulta/Juros;Outros;Total;Impostos

20/10/2023;010352/0193-00;61142866;081-0;19/10/2023;19/10/2023;000069147;1.850,64;55,42;188,94;0,00;0,00;0,00;2.095,00;0,00

20/10/2023;010359/0313-00;61142901;081-0;19/10/2023;19/10/2023;000069147;149,24;5,99;20,90;0,00;0,00;0,00;176,13;0,00

20/10/2023;010359/0313-00;61144686;081-0;19/10/2023;19/10/2023;000069153;158,37;6,36;22,16;0,00;0,00;0,00;186,89;0,00

20/10/2023;010410/0319-00;61142909;081-0;13/11/2023;19/10/2023;000069147;769,16;22,60;76,59;0,00;0,00;0,00;868,35;0,00

20/10/2023;010411/0164-00;61142922;081-0;13/11/2023;19/10/2023;000069147;212,19;9,33;25,39;0,00;0,00;0,00;246,91;0,00

20/10/2023;010449/0022-00;61142941;081-0;13/11/2023;19/10/2023;000069147;535,74;11,01;66,34;0,00;0,00;0,00;613,09;0,00

20/10/2023;010491/0293-00;61142948;081-0;13/11/2023;19/10/2023;000069147;282,36;5,70;28,20;0,00;0,00;0,00;316,26;0,00

20/10/2023;010503/0033-00;61142974;081-0;13/11/2023;19/10/2023;000069147;679,35;15,39;71,09;0,00;0,00;0,00;765,83;0,00

20/10/2023;010503/0052-00;61143994;081-0;13/11/2023;19/10/2023;000069147;675,38;13,64;68,24;0,00;0,00;0,00;757,26;0,00

20/10/2023;010516/0066-00;61144003;081-0;19/10/2023;19/10/2023;000069147;817,51;17,63;98,12;0,00;0,00;0,00;933,26;0,00

20/10/2023;010552/0267-00;61144861;081-0;13/11/2023;19/10/2023;000069153;1.403,95;27,29;141,28;0,00;0,00;0,00;1.572,52;0,00

20/10/2023;010553/0926-00;61144051;081-0;13/11/2023;19/10/2023;000069147;19.861,49;397,31;1.986,22;0,00;0,00;0,00;22.245,02;0,00

20/10/2023;010556/1172-00;61144240;081-0;13/11/2023;19/10/2023;000069147;540,32;10,90;54,54;0,00;0,00;0,00;605,76;0,00

20/10/2023;010558/0746-00;61144254;081-0;13/11/2023;19/10/2023;000069147;23.905,13;477,83;2.031,21;0,00;0,00;0,00;26.414,17;0,00

20/10/2023;010561/1107-00;61144275;081-0;13/11/2023;19/10/2023;000069147;311,43;5,62;38,81;0,00;0,00;0,00;355,86;0,00

20/10/2023;010582/0188-00;61144652;081-0;13/11/2023;19/10/2023;000069153;1.050,03;22,20;126,15;0,00;0,00;0,00;1.198,38;0,00

20/10/2023;010594/0106-00;61144309;081-0;13/11/2023;19/10/2023;000069147;672,35;13,79;63,90;0,00;0,00;0,00;750,04;0,00

20/10/2023;030420/0205-00;61144346;081-0;19/10/2023;19/10/2023;000069147;658,93;20,00;98,92;0,00;0,00;0,00;777,85;0,00

20/10/2023;030471/0368-00;61144369;081-0;13/11/2023;19/10/2023;000069147;219,09;6,82;28,33;0,00;0,00;0,00;254,24;0,00

20/10/2023;030475/0039-00;61144383;081-0;13/11/2023;19/10/2023;000069147;252,94;7,63;32,74;0,00;0,00;0,00;293,31;0,00

20/10/2023;030499/0046-00;61144848;081-0;13/11/2023;19/10/2023;000069153;213,71;6,42;28,91;0,00;0,00;0,00;249,04;0,00

20/10/2023;030515/0455-00;61144211;081-0;12/12/2023;19/10/2023;000069152;250,33;7,49;32,17;0,00;0,00;0,00;289,99;0,00

20/10/2023;050089/0155-00;61144393;081-0;08/11/2023;19/10/2023;000069147;1.584,81;63,36;141,38;0,00;0,00;0,00;1.789,55;0,00

20/10/2023;050107/0253-00;61144400;081-0;08/11/2023;19/10/2023;000069147;2.290,39;61,43;123,95;0,00;0,00;0,00;2.475,77;0,00

20/10/2023;090261/0268-00;61144453;081-0;12/11/2020;19/10/2023;000069147;313,78;9,40;40,80;0,00;0,00;0,00;363,98;0,00

20/10/2023;090306/0149-00;61144717;081-0;10/11/2023;19/10/2023;000069153;411,82;12,53;61,62;0,00;0,00;0,00;485,97;0,00

20/10/2023;090310/0063-00;61144474;081-0;10/11/2023;19/10/2023;000069147;204,57;6,23;26,63;0,00;0,00;0,00;237,43;0,00

20/10/2023;090321/0214-00;61144490;081-0;10/11/2023;19/10/2023;000069147;80,61;2,47;13,04;0,00;0,00;0,00;96,12;0,00

20/10/2023;090352/0027-00;61144572;081-0;10/11/2023;19/10/2023;000069147;9.218,22;276,68;1.179,74;0,00;0,00;0,00;10.674,64;0,00

Total;do;dia:;29;69.573,84;1.598,47;6.916,31;0,00;0,00;0,00;78.088,62;0,00

Total;do;Tipo;do;Movimento:;29;69.573,84;1.598,47;6.916,31;0,00;0,00;0,00;78.088,62;0,00

Total;do;Geral:;29;69.573,84;1.598,47;6.916,31;0,00;0,00;0,00;78.088,62;0,00



Consórcio;;v;004.026;-;CNP

Servidor;de;Dados:;\\db1sql161t.tst.sicredi.net\Newcon4_tst4f